-1.0439692587215084
-0.5460746414387975
-0.5544210599415718
-1.0440464610079294
-1.0438555934928675
-0.026946241669690008
-0.556585294775153
-1.0415579132355581
-1.040062033064853
-0.5465117504853235
-0.5611523871164843
-1.0466106916553009
-1.0492819880072175
-1.0437779565384382
-1.0396948700743749
-1.0442954945310057
-0.5426876311395259
-0.5553047733845875
-1.039605783321216
-1.0435943420458689
-0.02620955457280094
-0.5592425649592356
-1.0440775205883812
-1.048076179744372
-0.5461626224479135
-0.5541092639672862
-1.0452422904664431
-1.041312920075774
-1.0349292781598265
-1.0376848141981492
-1.0321084377177934
-1.033906524517319
-0.5450085268738414
-0.5597154172398111
-1.0432155312117912
-1.044950222477893
-0.027313599282045242
-0.5592936865670557
-1.041217543631641
-1.043023269489532
-0.5448873515833876
-0.5536511715631349
-1.0431436068678026
-1.0410049660505738
-0.8009122661320551
-0.7999660504850319
-1.042187576044715
-1.0405213006307008
-0.7108644779778232
-0.799284616146875
-1.0419724673036854
-1.0378527092751049
-0.7921659077562837
-0.7995782067547271
-1.041499921063902
-1.0424171386213765
-1.0482505141401486
-0.9774071372485407
-0.9704091832657024
-1.0471055632505546
-1.046809260276835
-1.0189585053993437
-0.9633842861142323
-1.0438489907608914
-1.0363075641575143
-0.9719617272413033
-0.9738123232249722
-1.0407292989768748
-1.042983552101963
-1.0454815570153662
-1.026417599943651
-1.025001000973683
-1.0447042557784991
-1.0427992179012238
-1.0671429458521366
-1.0132880066037935
-1.0441902332780428
-1.040541049832179
-1.0283891590182588
-1.0231402387182393
-1.0489590552752046
-1.0457054591909394
-1.0456253917029232
-0.9107545731762665
-1.0490418954979064
-1.0653637553268136
-1.0426382434651356
-1.0453433257637919
-1.0656497034533072
-1.066744120608154
-1.0320438389416628
-1.0452476572792873
-1.0611863249526774
-1.0696968348531426
-1.0477168141003248
-1.0453511558668171
-1.0654215560844738
-1.0680004803984966
-1.0660367096407648
-1.0516717350611888
-1.0648538972249764
-1.0637401485434708
-1.0654336625894814
-1.0416755440696353
-1.0462584672454949
-1.0654323658007783
-1.0701360403916222
-1.0398406059673917
-1.0496391808535823
-1.0646697024439928
-1.0663606503289902
-1.04579806251177
-1.043451176517138
-1.068937832608874
-1.070123519634789
-1.0681414288838276
-1.034928989327336
-1.030763916296878
-1.0486002964755161
-1.0569092409328662
-1.0455045031126398
-1.0453092793547385
-1.065160992921811
-1.0677683968699638
-1.0399109484825158
-1.0445505031561813
-1.0630509639431456
-1.060581233618792
-1.0427981938122706
-1.046107542948601
-1.0631219599566668
-1.0647688062104155
-1.0720271705201887
-1.0603324573501487
-1.0659259962396748
-1.0646410593967075
-1.061479324479576
-1.0608414442920961
-1.0584642544505458
-1.0618630480057314
-1.0630374282298898
-1.0695417869899946
-1.0613294433550573
-1.0672574966104234
-1.0694690003101992
-1.041950329784994
-1.0615874299335037
-1.0595936601302214
-1.070546884345761
-1.0649865263216005
-1.0669378877414137
-1.068489911222611
-1.0647516335931542
-1.0684005698384522
-1.065286427621057
-1.0618994313222059
-1.0637257717101507
-1.0658051477755315
-1.0687233601579402
-1.0635365966433081
-1.0627500578953577
-1.0652650860132873
-1.066879989565259
-1.0654883136898328
-1.069987796882538
-1.0636791461342616
-1.064878959739274
-1.061817733003854
-1.0690916358926716
-1.0665870352475024
-1.0699451206672084
-1.0609987883008292
-1.065363362075618
-1.063595027275302
-1.0632850885463991
-1.0688969786378766
-1.0665930258978946
-1.065751453006488
-1.0667672768755976
-1.0658284644633615
-1.0651019262148336
-1.0682459742209498
-1.0669550221497432
-1.0646986375316498
-1.0636972362894512
-1.0661696681871324
-1.068771428942498
-1.0650521813907976
-1.0612732872130415
-1.0614274169538134
