-4.6133754287869175
-4.384337868763828
-6.369236960413943
-4.99134903010928
-5.092048368425278
-4.844509088044406
-3.180800676447161
-4.683633835179146
-4.55545786916967
-4.998604668250714
-1.1576511544917483
-4.8475354816193255
-4.539047999044893
-5.089919508487075
-4.85343458240486
-4.808896795134085
-5.21498522990896
-3.1836349426269424
-4.655392849993778
-3.2602158506367265
-3.1821009381907963
-5.389819877028877
-2.0552249938816276
-5.227785770746666
-6.422486866326096
-3.824274883902933
-4.772757342909078
-4.824750750242024
-1.980658176618169
-4.718123503256761
-4.750210746786728
-4.350700760220893
-6.474103568056934
-3.228617942027194
-6.398093744373619
-4.132741461335932
-3.1821009381907963
-6.259324688359546
-3.1918357079535475
-4.802137053179067
-4.557790282565125
-4.8561746115050965
-5.193264534473756
-7.767320163607306
-4.772757342909078
-5.088456965021091
-6.72965891259557
-4.818326805663681
-6.2420989240547025
-4.384337868763827
-5.223660824538889
-3.18080067644716
-6.432167948829928
-3.526557961988371
-1.9023384028501704
-5.241590507722166
-4.830127498461506
-5.0540775425557625
-3.1836349426269437
-4.7158934420572765
-4.211392844135891
-4.435282148418477
-5.241590507722166
-4.998604668250716
-3.6151373658284047
-4.715285352292133
-3.1848562690281517
-5.016277994773798
-5.203950198402573
-4.804852387873852
-4.85343458240486
-4.876898181697293
-5.2923945086546365
-4.437157009641258
-2.0552249938816276
-5.164583928381382
-3.0120175172949484
-5.094252232473214
-5.2923945086546365
-4.922288321894032
-2.8351811798550166
-5.223170032027228
-3.1795004147035257
-3.5265579619883707
-7.52808329719237
-5.206621720782193
-4.918052044455739
-2.055224993881629
-5.254997947180127
-4.8237646277783215
-6.396809054335769
-4.409592222103056
-6.423671056147651
-4.824750750242024
-3.1492027678376284
-4.418872289152872
-6.399153593130219
-5.2107138731512554
-4.539047999044894
-5.155593635505036
-6.2420989240547025
-6.40790752084206
-7.6636155453322825
-4.837818220977223
-4.817347017241756
-3.540379050890097
-6.39029697387233
-6.275734536765977
-3.187611599865508
-6.551519195261276
-5.335718227344705
-6.259324688359545
-6.275734536765977
-3.1521486009700883
-4.893031004763804
-2.559474983826121
-6.646898292721822
-5.335718227344707
-4.435282148418477
-5.906368396165673
-5.335718227344707
-5.21498522990896
-6.087047273639594
-6.303975273360396
-4.527665285199601
-6.417200721972295
-5.199373161298807
-4.585582855890751
-6.551519184616833
-6.546932831366225
-4.684578726019124
-6.430786208899431
-7.767320163607306
-5.1822774289404006
-6.38571060954782
-5.223170032027228
-6.151088682328938
-5.187897045119056
-6.722883655264072
-5.678641246706134
-7.703734742577547
-5.312006196284219
-6.428904099300542
-6.417297771864941
-5.071768914438279
-7.830905584637066
-7.703734742577547
-6.799063117162158
-6.367560694390155
-2.055224993881629
-7.767320141888962
-6.367560694390155
-5.335718227344707
-6.385710598473919
-4.59844262208033
-7.830905584637066
-7.830905584637066
-7.767320163607305
-7.767320141888961
-6.444817903373814
-6.556105560015245
-7.389945615636192
-6.556105560015245
-6.799063117591617
-7.767320163607306
-4.7832235862226735
-7.703734742577547
-6.551519206335177
-6.72298070515672
-7.647701741259011
-6.283311551667869
-6.551519184616835
-7.830905584637066
-5.590061842866099
-6.269955137219625
-6.054227555108384
-7.767320163607306
-7.830905584637066
-6.799063117591617
-7.703734742577547
-7.703734742577547
-7.830905584637066
-7.767320163607306
-7.830905584637066
-7.830905584637066
-5.01423468768062
-7.830905584637066
-7.830905584637066
-6.367560694390155
-6.726304946194493
-7.767320163607305
-3.2602158506367274
-7.767320141888962
-7.767320163607306
-7.52808329719237
-4.802831212899106
-4.520305726169104
-7.830905584637066
-3.1836349426269424
-5.21498522990896
