-1.4917644873002378
-1.021847356422765
-0.433344466151256
-0.6689843636142736
-0.7275957726536071
-0.7275957726536071
-1.0218470791559582
-0.5395601872713146
-0.433344466151256
-0.4284676506886913
-0.4284679695754423
-0.7587815691279655
-0.6689846825010245
-0.4284679695754423
-0.7984085399572325
-1.0218470791559582
-0.433344466151256
-0.6964094313428484
-0.7396255427475764
-0.7275957726536071
-1.021847356422765
-0.433344466151256
-1.0218470791559582
-0.7961273166211993
-0.7155660025596378
-0.7275957726536071
-0.637965760233704
-0.7587815691279653
-1.615226466003281
-0.4284679695754423
-0.6999984146277916
-0.7396255427475764
-0.6964094313428484
-0.7396255427475764
-0.7275957726536071
-0.7275957726536071
-0.6447536228018947
-0.08501586633589589
-1.021847356422765
-0.7275957726536071
-0.6964099761792488
-0.3708051768922945
-0.4331767282210669
-0.7275957726536071
-0.7275957726536071
-1.0267235757317719
-0.7275957726536071
-0.8484115815478687
-0.719155687971499
-0.433344466151256
-1.0267235757317719
-0.8173926592805479
-0.7910834010019474
-0.4284679695754423
-0.6964099761792488
-0.789967910438724
-1.021847356422765
-0.42846824684224916
-0.6691521015444627
-0.7275957726536071
-1.7386880987803852
-0.4214850444819153
-0.6964099761792487
-1.0218470791559582
-0.6964099761792488
-1.2452856183546837
-1.144288607672197
-1.4917644873002378
-0.7275957726536071
-0.7275957726536071
-0.4284679695754423
-0.6964094313428484
-1.5025373840357599
-1.0267235757317719
-0.7779381403447547
-1.021847356422765
-0.6964094313428484
-0.433344466151256
-0.37097178352973864
-0.7984085399572325
-0.7396255427475766
-0.7396260875839769
-0.4958848867029625
-0.2050589903765344
-0.4284679695754423
-0.7275957726536071
-0.42846824684224916
-1.1512708679530343
-1.0267235757317719
-0.3709717835297386
-0.6964094313428484
-0.7587821139643658
-0.6964099761792488
-0.4382206854602628
-0.6688127754439511
-0.49571714877277345
-0.6843796612488791
-1.2674077077007921
-0.7275957726536071
-1.0218470791559582
-0.6531938647745205
-0.7910834010019474
-0.08501586633589589
-0.42846739464243816
-0.4382206854602628
-0.6808435080168074
-0.4284679695754423
-0.7467517990339958
-0.433344466151256
-0.4284679695754423
-0.8173926592805479
-1.2693463982883164
-1.0218470791559582
-1.0267235757317719
-1.0218470791559582
-0.6932110968960011
-0.7672218111005912
-0.3803483142665605
-0.6689846825010245
-0.7587815691279653
-0.43334446615125605
-0.8924232903588819
-0.4382206854602629
-0.6964099761792488
-0.7910834010019474
-1.0218470791559582
-0.4284679695754423
-0.7813303662303759
-1.0218470791559582
-0.4044084293875036
-0.6689843636142736
-0.7708113392219349
-0.43334446615125605
-0.7003384428552214
-1.0218470791559582
-0.433344466151256
-0.433344466151256
-0.8172252402371099
-0.7275957726536071
-1.021847356422765
-0.4284679695754423
-0.06828039234527944
-1.0218470791559582
-0.433176728221067
-1.0267235757317719
-0.9091585437913465
-0.7587815691279653
-0.7275957726536071
-0.5511956885424194
-0.7275957726536071
-0.7862071816929406
-0.4382206854602629
-0.7984085399572327
-0.5944117999471477
-0.8173935230036993
-0.7275957726536071
-0.7587815691279653
-0.7236673059776345
-0.8173926592805479
-1.1512708679530343
-0.4284679695754423
-1.0267235757317719
-0.7860394437627516
-0.6689843636142736
-0.7001707049250323
-0.7275957726536071
-0.08031405429932639
-0.4284679695754423
-0.7275957726536071
-0.6377988860266663
-0.433344466151256
-0.7155660025596378
-1.0267235757317719
-0.433344466151256
-0.44520333328698297
-0.7275957726536071
-0.7860394437627516
-0.6843796612488791
-0.7396255427475764
-1.0218470791559582
-0.7275957726536071
-1.2452856183546837
-1.0267235757317719
-0.7672227434828742
-0.7396255427475764
-0.4284679695754423
-0.6377988860266662
-0.4284679695754423
-0.433344466151256
-0.6964094313428484
-0.7587821139643658
-0.49571578183316567
-0.7275957726536071
-0.4382206854602628
-1.1512708679530343
-0.08031448346515338
-0.4284679695754423
-0.7275957726536071
-1.0218470791559582
-0.9047919990074802
-0.4284679695754423
-0.7984085399572327
-0.05154458437920098
-0.8295944937221086
-0.7275957726536071
-0.7587821139643658
-0.7396255427475766
-0.4284676923086354
-1.7333016504126242
-0.42846769230863546
-0.7275957726536071
-1.2623637920815405
-0.6964094313428484
-1.0218470791559582
-0.7708113392219349
-0.6808435080168074
-0.6567830053499816
-0.7275957726536071
-0.7907412141793768
-1.0267235757317719
-0.7275957726536071
-0.8173926592805479
-0.3711395214599277
-0.7275957726536071
-0.4284676506886914
-0.7743483561771578
-0.6964094313428484
-0.7862071816929406
-0.8173935230036993
-0.7275957726536071
-0.79840815241135
-0.7275957726536071
-0.9095010765398558
-0.7275957726536071
-0.6689843636142736
-0.7961273166211993
-0.6964099761792488
-0.7275957726536071
-0.433344466151256
-0.7813303662303759
-1.021847356422765
-0.7813309623839337
-1.0218470791559582
-0.4452033332869829
-1.0267235757317719
-0.7275957726536071
-0.6964094313428484
-0.433344466151256
-0.7587815691279653
-0.7275957726536071
-0.43334446615125605
-0.7275957726536071
-0.7587821139643658
-0.6932116417324016
-0.7275957726536071
-0.42846824684224916
-0.7155660025596375
-0.7275957726536071
-0.7275957726536071
-0.6843802060852794
-0.05154458437920098
-0.7862071816929406
-0.7275957726536071
-0.7275957726536071
-0.7275957726536071
-0.4284679695754423
-0.7275957726536071
-0.7862071816929406
-1.138902117684492
-0.7396260875839769
-1.0267235757317719
-0.4284679695754423
-0.43334446615125605
-0.7155660025596375
-0.4525280846963854
-0.7587821139643658
-0.6964094313428484
-0.433344466151256
-0.7550210663318314
-0.7984081524113499
-0.07089649538813309
-0.7743480372904068
-0.7275957726536071
-0.7275957726536071
-1.0218470791559582
-0.8053911461640085
-0.7396255427475764
-0.7236673059776347
-0.6964094313428484
-0.7275957726536071
-0.7467517990339958
-0.5944117999471477
-0.6377980223035149
-0.4284689320543294
-0.6964099761792487
-0.7396255427475764
-0.7587821139643658
-0.09966536915470078
-0.07560557292050868
-0.7396249979111763
-0.7275957726536071
-0.6964099761792487
-0.07560497676695088
-0.4284676923086354
-0.37097178352973864
-0.7275957726536071
-0.42846769230863546
-0.7275957726536071
-0.4211434954328467
-0.7813309623839337
-0.7275957726536071
-0.433344466151256
-0.7708118840583353
-0.7155660025596378
-0.7275957726536071
-0.7003384428552214
-0.8175647236281391
-1.7386880987803852
-0.7862071816929406
-0.8173935230036993
-0.6964099761792488
-0.7548531024519928
-0.3709717835297386
-0.4284679695754423
-0.07560557292050873
-0.848411738838386
-0.7275957726536071
-0.07089649538813309
-0.6255970515851056
-0.7708118840583353
-0.4382206854602629
-1.1512708679530343
-0.43334418888444914
-0.9091585437913466
-0.4044084293875036
-0.6377988860266662
-0.43334418888444914
-0.433344466151256
-0.6689843636142736
-0.7155660025596378
-0.6964094313428484
-1.2452856183546837
-0.6928732781107769
-0.7275957726536071
-0.7862068628061896
-1.021847356422765
-0.7275957726536071
-0.7275957726536071
-0.7275957726536071
-1.2623637504615963
-0.7587821139643658
-0.789967910438724
-0.6652236348684901
-0.07560557292050868
-1.0218470791559582
-0.3709717835297386
-0.7275957726536071
-1.1389021593044362
-0.07089649538813309
-0.7275957726536071
-0.7275957726536071
-0.43334446615125605
-0.7587821139643658
-0.6964094313428484
-1.2623637504615963
-0.4284679695754423
-0.8173926592805478
-0.6964099761792487
-0.6964099761792487
-0.7003384428552214
-0.7155660025596375
-0.4044084293875036
-0.8924232903588818
-1.2623637920815405
-0.7275957726536071
-0.4284679695754423
-0.7275957726536071
-0.7779381403447547
-0.7862071816929406
-0.8107772486058309
-0.4957171487727734
-1.0218470791559582
-0.7623182671964375
-0.7708113392219349
-0.7275952278172066
-0.4284676923086354
-1.0267235757317719
-0.4284679695754423
-0.4284679695754423
-0.7548531024519928
-0.7860394437627514
-0.6808435080168074
-0.668813737922838
-0.4525284722422681
-1.4971512815939376
-0.43334446615125605
-0.7155660025596375
-0.433344466151256
-0.7275957726536071
-0.7155660025596378
-0.7587815691279653
-0.7275957726536071
-0.7743480372904068
-0.7587821139643658
-0.7155660025596378
-0.43334418888444914
-0.7813303662303759
-0.8295944937221086
-1.0218470791559582
-1.1272110300988982
-0.7587815691279653
-1.1512708679530343
-0.7001707049250323
-0.4284679695754423
-0.6688131629898338
-0.7396255427475766
-0.4284679695754423
-0.7275957726536071
-0.7984085399572326
-0.7587815691279655
-0.45252750976338096
-0.45252750976338124
-0.45252750976338124
-0.7275957726536071
-0.8348367887937699
-1.0218470791559582
-1.021847356422765
-0.4284679695754423
-0.7914259337504566
-0.7275957726536071
-0.7275957726536071
-0.6808435080168074
-0.6964094313428484
-1.026723575731772
-0.7155660025596375
-0.4214856406354732
-0.7001707049250323
-1.0267235757317719
-1.021847356422765
-0.8172257850735102
-0.7275957726536071
-0.6932116417324016
-0.6964094313428484
-0.7155660025596375
-1.615226466003281
-0.7708113392219349
-0.7743480372904068
-0.7396255427475764
-0.4284689320543292
-0.7467517990339958
-1.1272104339453404
-1.0218470791559582
-1.0218470791559582
-0.7275957726536071
-0.7275957726536071
-0.8053911461640086
-0.7587815691279653
-0.7275957726536071
-0.7813309623839337
-0.6964094313428484
-1.0218470791559582
-0.7001707049250323
-0.42846828846219326
-0.6964094313428484
-0.42846824684224916
-0.3709725959357325
-0.4284679695754423
-0.6376269789695929
-0.4335116079278873
-0.6377988860266663
-0.4958848867029625
-1.0218470791559582
-0.7743477600236
-0.7275963174900074
-0.6843802060852794
-0.6689843636142736
-0.43334418888444914
-1.0267235757317719
-0.6255972088756233
-0.7672227434828742
-0.6964099761792488
-1.021847356422765
-0.06828022535754844
-0.6843796612488791
-0.7862071816929406
-0.7396255427475764
-0.7275957726536071
-0.7984085399572325
-0.7275957726536071
-0.6808435080168074
-0.6964099761792488
-0.7275957726536071
-1.0218470791559582
-0.4284679695754423
-0.7275957726536071
-0.7396255427475764
-0.3711395214599277
-0.3709717835297386
-1.1512708679530343
-0.4452032916670388
-0.7860394021428074
-0.7984085399572327
-1.7386880987803852
-0.7587821139643658
-0.7860394853826957
-0.6377988860266663
-0.3709725959357325
-0.7860394437627516
-1.2623637920815405
-1.2623637920815405
-1.615226466003281
-1.0218470791559582
-0.6843802060852794
-1.4971512815939376
-0.7984085399572325
-0.08031405429932648
-0.433344466151256
-1.7386880987803852
-0.7860399885991518
-0.09234061774529834
-0.9047925951610379
-1.7386880987803852
-1.7386880987803852
-0.7275957726536071
-1.615226466003281
-0.6964099761792488
-0.7860390562168688
-1.7386880987803852
-0.6843802060852793
-1.7386880987803852
-0.7743483145572136
-0.6450925613565237
-1.7333016504126242
-0.43334418888444914
-1.021847356422765
-1.4917648332261766
-0.7275957726536071
-0.7743480372904068
-0.6689843636142736
-0.42846769230863546
-1.7386880987803852
-1.4917648332261766
-1.615226466003281
-1.615226466003281
-0.7396255427475764
-0.4455454368696653
-1.7386880987803852
-1.615226466003281
-1.4971512815939376
-1.615226466003281
-1.7386880987803852
-0.9047919990074802
-0.904792595161038
-1.0218470791559582
-0.904792595161038
-0.9047919990074802
-1.615226466003281
-1.9748388135250106
-0.8484117388383862
-1.4917651791521152
-0.904792595161038
-0.9047925951610379
-1.7386880987803852
-1.4917644873002378
-1.9748388135250106
-1.9748388135250106
-1.9748388135250106
-1.7333016504126242
-0.7813303662303759
-1.0469279633504562
-1.733301996338563
-1.9748388135250106
-1.9748388135250106
-0.433344466151256
-1.9748388135250106
-1.7386880987803852
-1.615226466003281
-1.7333016504126242
-1.021847356422765
-0.7572695862967433
-1.615226466003281
-1.7333016504126242
-1.7386880987803852
-0.7743483145572136
-1.9748388135250106
-1.7333016504126242
-1.4917651791521152
-1.9748388135250106
-1.5025373840357599
-1.5025373840357599
-0.9988079417162452
-1.9748388135250106
-1.7386880987803852
-0.7587821139643658
-1.7386880987803852
-1.7333016504126242
-1.2623637920815405
-0.9988079417162452
-1.7386880987803852
-1.5025373840357599
-1.7333016504126242
-1.615226466003281
-1.7333016504126242
-1.0469279633504562
-0.11901711317590191
-1.5025373840357599
-1.7333016504126242
-1.733301996338563
-1.2623637920815403
-1.7333016504126242
-1.733301996338563
-1.7333016504126242
-1.7386880987803852
-1.2623637920815403
-1.7386880987803852
-1.733301996338563
-1.9748388135250106
-1.7333016504126242
-1.0218470791559582
-0.43334418888444914
-1.9748388135250106
-1.4917644873002378
-1.9748388135250106
-1.7333016504126242
-1.2623637920815405
-1.7386880987803852
-1.2623637920815405
-1.7333016504126242
-0.79840815241135
-1.7333016504126242
-0.42846769230863546
-1.1272104339453404
-1.7333016504126242
-0.43334418888444914
-0.6964094313428484
-1.7333016504126242
-1.615226466003281
-0.7860390562168688
-1.5025373840357599
-0.7275957726536071
-1.9748388135250106
-1.9748388135250106
-1.9748388135250106
-1.9748388135250106
-0.7961273166211993
-1.9748388135250106
-1.9748388135250106
-1.7333016504126242
-1.9748388135250106
-1.9748388135250106
-1.9748388135250106
-1.2693463982883164
-0.9988079417162452
-1.9748388135250106
-1.0469279633504562
-0.6843802060852793
-1.733301996338563
-1.4917648332261766
-1.2693463982883164
-1.9748388135250106
-1.9748388135250106
-0.7275957726536071
-1.7333016504126242
-1.0469279633504562
-1.4917648332261766
-1.9748388135250106
-1.0218470791559582
-1.9748388135250106
-1.9748388135250106
-1.733301996338563
-1.9748388135250106
-1.9748388135250106
-1.9748388135250106
-1.9748388135250106
-1.7333016504126242
-1.7386880987803852
-0.9988079417162452
-1.9748388135250106
-0.7984085399572327
-1.9748388135250106
-0.7275957726536071
-1.7386880987803852
-1.9748388135250106
-1.7333016504126242
-1.9748388135250106
-1.2623637920815403
-1.0267235757317719
-1.9748388135250106
-1.733301996338563
-1.021847356422765
-1.9748388135250106
-0.7862068628061897
-1.7386880987803852
-0.433344466151256
-1.733301996338563
-1.7386880987803852
-1.7386880987803852
-1.4917648332261766
-1.2623637504615963
-1.2674077077007921
-1.2452856183546837
-0.7587821139643658
-0.02277468529324858
-0.4284679695754423
-0.6808435080168074
-1.7333016504126242
-1.7333016504126242
-0.433344466151256
-0.7961273166211993
-1.9748388135250106
-1.2623637504615963
-1.4971512815939376
-1.7333016504126242
-1.9748388135250106
-1.4917644873002378
-1.7333016504126242
-1.9748388135250106
-0.42846769230863546
-1.7386880987803852
-1.7386880987803852
-1.7333016504126242
-1.7386880987803852
-1.2674077077007921
-0.45252750976338124
-1.7333016504126242
-0.7914259337504566
-1.7333016504126242
-1.0218470791559582
-1.2674077077007921
-1.9748388135250106
-1.7333016504126242
-0.7155660025596375
-0.42846769230863546
-0.43334418888444914
-1.7333016504126242
-1.9748388135250106
-0.6964094313428484
-1.7386880987803852
-0.7572695862967432
-1.9748388135250106
-1.4917644873002378
-1.7333016504126242
-0.05154458437920098
-1.9748388135250106
-1.9748388135250106
-1.2623637920815405
-1.2623637920815405
-1.4917644873002378
-1.615226466003281
-0.7275957726536071
-1.0218470791559582
-0.7587815691279655
-1.7333016504126242
-1.733301996338563
-1.615226466003281
-1.2452856183546837
-1.4917648332261766
-1.5025373840357599
-1.9748388135250106
-1.615226466003281
-1.9748388135250106
-1.7333016504126242
-1.7386880987803852
-1.9748388135250106
-1.9748388135250106
-1.4917648332261766
-0.7813303662303759
-0.7155660025596375
-1.7333016504126242
-1.9748388135250106
-0.7984085399572327
-0.7743483145572136
-1.9748388135250106
-1.2623637920815403
-1.7333016504126242
-1.9748388135250106
-0.7587821139643658
-1.7333016504126242
-0.7860394853826955
-0.43334446615125605
-1.615226466003281
-1.2674077077007921
-1.615226466003281
-1.4917648332261766
-1.7386880987803852
-1.9748388135250106
-0.829594336431591
-1.4917651791521152
-1.7386880987803852
-0.6377988860266663
-0.9047919990074802
-1.4917648332261766
-1.7333016504126242
-1.7386880987803852
-1.615226466003281
-1.4917644873002378
-1.4917644873002378
-1.733301996338563
-0.07089649538813309
-1.4971509356679988
-1.9748388135250106
-1.7386880987803852
-1.9748388135250106
-0.7708118840583353
-1.7386880987803852
-0.7572695862967433
-0.9988079417162452
-0.4955494108425844
-1.4971509356679988
-1.0267235757317719
-1.0267235757317716
-1.7386880987803852
-0.904792595161038
-0.644753235256012
-0.4284679695754423
-1.615226466003281
-1.9748388135250106
-1.7386880987803852
-0.4284676923086354
-1.615226466003281
-1.733301996338563
-1.4917644873002378
-0.904792595161038
-1.733301996338563
-0.42846769230863546
-1.9748388135250106
-0.4284679695754423
-1.2623637504615963
-1.615226466003281
-1.615226466003281
-1.9748388135250106
-0.637965760233704
-0.433344466151256
-0.10436718119127028
-1.7333016504126242
-1.9748388135250106
-1.7333016504126242
-1.7386880987803852
-1.9748388135250106
-0.7396255427475764
-1.0267235757317719
-1.7333016504126242
-1.9748388135250106
-1.0218470791559582
-1.7333016504126242
-0.7275957726536071
-1.5025373840357599
-1.0267235757317719
-1.4971512815939376
-1.2452856183546837
-1.0218470791559582
-1.7333016504126242
-0.7275957726536071
-1.733301996338563
-1.7333016504126242
-1.733301996338563
-1.615226466003281
-0.904792595161038
-1.7386880987803852
-0.42846769230863546
-1.7333016504126242
-0.09966579832052763
-0.904792595161038
-0.7587821139643658
-0.7984085399572327
-1.9748388135250106
-0.42846769230863546
-1.7333016504126242
-0.6964099761792487
-0.7860394853826955
-1.9748388135250106
-0.7743477600236
-1.615226466003281
-1.0218470791559582
-0.7275957726536071
-1.0267235757317719
-1.9748388135250106
-1.0218470791559582
-1.9748388135250106
-0.43334446615125605
-1.5025373840357599
-1.5025373840357599
-0.8053911461640085
-0.09966579832052763
-0.7275957726536071
-1.7333016504126242
-0.7914259337504567
-0.4957171487727734
-1.0218470791559582
-1.1442882201263145
-0.9047919990074802
-1.9748388135250106
-1.615226466003281
-1.9748388135250106
-1.7333016504126242
-1.9748388135250106
-1.1439460749236878
-0.08031448346515338
-0.7155660025596378
-0.7860394853826957
-0.7914259337504567
-1.7386880987803852
-1.7386880987803852
-1.7386880987803852
-1.9748388135250106
-1.5025373840357599
-1.7386880987803852
-1.615226466003281
-1.615226466003281
-1.4917648332261766
-0.80539080023807
-0.6928732781107767
-0.7275957726536071
-1.2693463982883164
-1.9748388135250106
-1.7333016504126242
-0.7275957726536071
-1.615226466003281
-1.2623637920815405
-0.7396255427475764
-1.7386880987803852
-1.615226466003281
-1.7386880987803852
-1.733301996338563
-1.9748388135250106
-0.9164837243665759
-1.7386880987803852
-1.9748388135250106
-1.9748388135250106
-1.021847356422765
-0.7275957726536071
-0.7860394853826957
-1.9748388135250106
-1.9748388135250106
-1.7333016504126242
-0.80539080023807
-1.9748388135250106
-1.0267235757317719
-1.9748388135250106
-0.6964094313428484
-0.6379663050701043
-1.9748388135250106
-1.7386880987803852
-1.2623637920815405
-1.027576648495082
-1.4971512815939376
-0.7396255427475764
-0.9091585437913466
-1.615226466003281
-0.8053911461640085
-0.7862068628061896
-1.2693463982883164
-1.9748388135250106
-1.0267235757317716
-1.2674077077007921
-1.7386880987803852
-0.7743483145572136
-1.4971509356679988
-1.9748388135250106
-1.9748388135250106
-1.7333016504126242
-1.2623637920815405
-0.904792595161038
-1.0218470791559582
-1.9748388135250106
-1.9748388135250106
-0.7572695862967432
-1.7333016504126242
-0.08031448346515338
-1.4917644873002378
-1.7386880987803852
-1.4971512815939376
-1.615226466003281
-1.7333016504126242
-1.7386880987803852
-0.7275957726536071
-0.6843802060852794
-0.05154534752048978
-1.4971512815939376
-1.021847356422765
-1.2623637920815405
-1.7333016504126242
-1.7333016504126242
-1.0267235757317719
-1.4971509356679988
-0.7467517990339958
-1.0267235757317719
-1.4917644873002378
-1.615226466003281
-1.4971512815939376
-1.0218470791559582
-0.7275957726536071
-1.5025373840357599
-0.7275952278172066
-1.7333016504126242
-1.4971512815939376
-1.7333016504126242
-1.4917644873002378
-1.0267235757317719
-1.0218470791559582
