-1.8065587217219194
-1.2928858510371892
-1.3915771770595349
-1.4406284707710684
-0.0908122249034854
-1.8074173538258416
-1.8027767315255967
-0.197005160100315
-1.8033208743431834
-1.2540332246976231
-1.278840683784683
-0.20573371378376204
-1.4391375918744238
-1.8071530653534613
-1.8106886808833988
-1.299683643547529
-1.3974966831183941
-1.8039963844944673
-1.8112387959450633
-0.09642274439288856
-1.2590357617456607
-1.2792012671664632
-0.1991990051941993
-0.09471376167428835
-1.2620646120603487
-1.2839309310212847
-1.3928792346128283
-1.8140591766537653
-1.8087365801511077
-1.8037680341349476
-0.26229168245465706
-0.3188289598367454
-0.6064145661779851
-0.7371582604618407
-1.2976235487206018
-1.4026656517841032
-1.4450596807722298
-0.10146707121170118
-1.810175576868652
-1.8045006247238642
-0.1907804044761532
-1.8045267936822713
-1.2500448689428858
-1.2767587563047234
-0.19932493355468495
-1.4370270319543654
-1.8075002689672979
-1.8145897595763385
-1.3033904339872564
-1.399304459127109
-1.8059708229451563
-1.8109177758595334
-0.10337655741563001
-1.2629312555286865
-1.275051405801561
-0.19884687288104985
-0.09520360961494667
-1.2533405760617375
-1.2844046876359954
-1.396850701491444
-1.8061289573598245
-1.805212625069902
-1.806942394632861
-1.5609053447433359
-1.5952539491850417
-1.6381989324498822
-0.9496490223970032
-1.8121414251191323
-1.8115281065066462
-1.8069110145117713
-0.9497275033109955
-1.5445821990988895
-1.5353904248497414
-1.0077458191435833
-1.8104883124044528
-1.5333099296164128
-1.5427376647046551
-1.0053953090027514
-0.9431462382307909
-1.5314918788246112
-1.5527505456351547
-1.6055850522382298
-1.6273954647434081
-1.811466086396984
-1.810105692957339
-1.8072405256178081
-1.8071388401144026
-1.5530219881423415
-1.5997893032192292
-0.9602567330310048
-1.810388017864888
-1.7982760893169445
-0.9450491703672792
-1.5285962734072047
-1.537622836488667
-1.0046143464882842
-1.0178202423858997
-0.947157515117942
-1.5203644909294858
-1.5544772671989813
-1.596219401255851
-1.6314123373981162
-1.8090118113596985
-1.810952295886302
-1.8038298375272184
-1.7943343909242224
-1.727079811248447
-1.739322919640958
-1.7505343612883095
-1.5534626949391939
-1.8002161139007422
-1.8089635235142136
-1.8079529499666127
-1.5432397017489126
-1.7286272602787294
-1.7316076604473025
-1.5606278778788167
-1.814476926162551
-1.7284913902911325
-1.7272088612619383
-1.57454356504026
-1.5584095537125358
-1.7291374450763348
-1.7292056676340397
-1.7603614252170248
-1.7549725652507595
-1.8054689829617483
-1.8102887872909534
-1.813920270517873
-1.8063451537131576
-1.729966073650578
-1.7470473777041247
-1.563195158518811
-1.8152178704783954
-1.809379918446338
-1.5606748143603337
-1.726233196087649
-1.7279087948185565
-1.56571475378578
-1.563833280844001
-1.5654641672822434
-1.72461224218623
-1.7186892299692917
-1.7504621362065764
-1.7477424679864495
-1.806588509053324
-1.8025549842500022
-1.8075328223117735
-1.8187717015635756
-1.7614003121177007
-1.8010227880164473
-1.8030857420766433
-1.8109886085512659
-1.7350119986658565
-1.7441577820349832
-1.7623728984900242
-1.5683768135733258
-1.810241584924618
-1.8098617757395639
-1.8085315288561576
-1.5739180024433277
-1.7412145794139762
-1.737165118490517
-1.5748879847271255
-1.8057368763072477
-1.7289255811438906
-1.7325986665477204
-1.5658664908336541
-1.5588484953923003
-1.728305935424298
-1.7409699644167724
-1.7466174937516779
-1.7544661425170656
-1.8113916922972044
-1.8059812383549767
-1.8054308950974833
-1.8049849157521347
-1.7362398384949698
-1.7485536310666792
-1.556959111057978
-1.8153533940916344
-1.8034151156610765
-1.5545089673460604
-1.731328195414741
-1.720495005472901
-1.5652660078012133
-1.5722118059362737
-1.5472986640138255
-1.7408969616269319
-1.7253157479979149
-1.7377708635037703
-1.7580784416046211
-1.8028659450650482
-1.8131519842850825
-1.8034935720412184
-1.8100815529589134
-1.7939734032317092
-1.7948584983550024
-1.8027968646669152
-1.7435853866788444
-1.7968500736371398
-1.7954461014418728
-1.8087194650848606
-1.7441777975246118
-1.7883630911572523
-1.7916144303211503
-1.7529562533550669
-1.8041255182712017
-1.78753941087411
-1.7774594597761266
-1.7484284887498076
-1.7346100155567477
-1.7773137300131028
-1.786962268396258
-1.7907410301161137
-1.7902752780254025
-1.8067730016003662
-1.8042704196409907
-1.8117665411878896
-1.8099147746848507
-1.7904441800683915
-1.7951188614649085
-1.742303874937467
-1.8152063337759752
-1.8139917535411665
-1.7378022635723058
-1.7890519531259708
-1.7837321990684163
-1.7493810271493226
-1.7459726094211407
-1.7430255952532883
-1.7834075043820499
-1.784498035121829
-1.7942719026321319
-1.7919217244320387
-1.8033633696942772
-1.8056989855847876
-1.810666605008367
-1.8194007551827887
-1.7869094455330987
-1.8047532754763924
-1.814853160959662
-1.816040299206751
-1.787511155793561
-1.7914425562600265
-1.799463795914011
-1.732755410643514
-1.8018935044522597
-1.8088146582033162
-1.7993620084611037
-1.7412353604850541
-1.7920656249212117
-1.790256865369166
-1.7496598020740404
-1.8169110372511519
-1.7985628396153328
-1.7826242987778493
-1.7463444145063916
-1.7440364531428214
-1.7793975802408926
-1.7846274759319303
-1.793299272738936
-1.7912354529237655
-1.815863277142178
-1.8115477264906779
-1.8079238341820125
-1.8095240088052282
-1.7985516379958817
-1.7906897335719976
-1.7503250839950502
-1.8153630855805838
-1.8031863195499773
-1.7436229447046894
-1.7823357907509096
-1.784397983877767
-1.7461347227187556
-1.7492913740977456
-1.7331654888849797
-1.7857577986418052
-1.7933102992802086
-1.7849790110635737
-1.791381673114444
-1.816267477148693
-1.8110389499429576
-1.8019419225846178
-1.7980522637165581
-1.7970784488345828
-1.8010277913944714
-1.806812160274129
-1.787941490545339
-1.8106093386785582
-1.8106684625821259
-1.8041928929082016
-1.7921289347148872
-1.8035152067086204
-1.8084431175570763
-1.7931512498681312
-1.8125323747562545
-1.8065029416055802
-1.8001153447378875
-1.7903648281504272
-1.7890544359376346
-1.8078078219228897
-1.800785225748073
-1.7952548281417346
-1.8074079160337686
-1.8074203250922078
-1.8084481496165266
-1.7998916746120068
-1.810858359882344
-1.7929496310422797
-1.8092602254807346
-1.785599449618711
-1.811919033405911
-1.8014452234508906
-1.7833535151825965
-1.8071341187762786
-1.8029017789970045
-1.7977722227918853
-1.7896447560503976
-1.7903053020768407
-1.8017209376920573
-1.7961141384874644
-1.7964116765894629
-1.8031320232364312
-1.809319519839167
-1.8109614575126214
-1.810011430185598
-1.8078845244746646
-1.811231989910147
-1.8043619655310805
-1.8057370324775524
-1.8062161911423644
-1.8114543947663848
-1.8043752333613159
-1.8125434052808693
-1.8011989432775293
-1.8021080275275274
-1.800516383021607
-1.803784770794811
-1.8036322725759262
-1.804979383389231
-1.7984830590393528
-1.8052217623211781
-1.80687148991432
-1.810720729624311
-1.8004924154539443
-1.8026244767052622
-1.8049517666108175
-1.805967632861449
-1.8087620431717137
-1.8173715566112763
-1.8090786366155023
-1.803163369877971
-1.8014334773858
-1.8117484964630592
-1.8100599004849312
-1.8026556136273952
-1.801332321845845
-1.8051125462581223
-1.8022072807754324
-1.8031415718322885
-1.8116505253734358
-1.7965643359936396
-1.8028301128263426
-1.8154096806263513
-1.8058964273864837
-1.8058383309722816
-1.8084014285830237
-1.8125478918647242
-1.8128594805950777
-1.8042783273343623
-1.810536068266647
-1.8149440035774496
-1.8074301977798675
-1.8026307617830044
-1.8088352005911537
-1.8123235718631643
-1.8202954527886122
-1.8037878034619026
-1.7967493454837082
-1.8041018068660934
-1.810949817530802
-1.7992059850974336
-1.8100769382142523
-1.8014866028065188
-1.8084675981268161
-1.8054441361250828
-1.810031603461731
-1.801944335520386
-1.8103457809636976
-1.8115868891227893
-1.8074111254957494
-1.8021244627430797
-1.812908673647705
-1.8068455627806608
-1.808227072791229
-1.8108406490861415
-1.8066137931223647
-1.809488912812685
-1.8007496605629247
-1.8023425189081579
-1.8215651704899458
-1.8042325743491725
-1.8063740257840606
-1.8083802076717517
-1.8058420473914485
-1.8114326169732775
-1.8081046673304861
-1.8144279481913386
-1.8148171424517174
-1.8145190404580023
-1.8013331957512966
-1.81012948185441
-1.8073406077080962
-1.793318524686551
-1.8091369895129266
-1.8072311364321338
-1.8014789380590035
-1.7986330708638354
-1.8045881729959985
-1.808095175789091
-1.809881606239142
-1.8028417839523416
-1.8165582936375746
-1.8127233758894439
-1.809579269267521
-1.8138242078800761
-1.8073125532697762
-1.8156163799842786
-1.8077235334523971
-1.8037339024495123
-1.8054135931707622
-1.8085424209352463
-1.807009037629419
-1.8023122138252319
-1.808187690855385
-1.8093850959975208
-1.8101033372647808
-1.7995224559209895
-1.8041591422989691
-1.8151979406448828
-1.8102332336392832
-1.8032248495799919
-1.8191679383723836
-1.8159097781371827
-1.8099024690116114
-1.8096083199597515
-1.8047955942484926
-1.8090843571407351
-1.8100837052830598
-1.804407433330069
-1.809957477191845
-1.8065510313068742
-1.8108189769618301
-1.8002325022949868
-1.8011029337965323
-1.8061391269543547
-1.8118676881180011
-1.8039508802662878
-1.809530597395748
-1.8093657725215626
-1.8055761716398995
-1.8117938026156284
-1.8052228075945558
-1.804909477842927
-1.8051581381506288
-1.7992203611364366
-1.8115803380673
-1.8100641336064849
-1.8118882614612344
-1.8088559918301712
-1.8036535572836017
-1.801286473781751
-1.8052374306688723
-1.8032278422053503
-1.8034448523369615
-1.8094659983180348
-1.8064122982973663
-1.814114022953854
-1.8141127392319687
-1.8023106643414357
-1.806745528379935
-1.8178289386044146
-1.8004637507418049
-1.805900510498701
-1.811824293938313
-1.8062577027682667
-1.8010019359658254
-1.8065485343594698
-1.813043851983286
-1.8106633292282923
-1.8075817267463816
-1.807046213146633
-1.8068446834032565
-1.7964289326259777
-1.807186030750427
-1.8047529403134834
-1.8074872033476854
-1.800506276699752
-1.81119650427327
-1.8180700104229686
-1.8075395844053457
-1.805869190967266
-1.800192181859527
